aug.split.dropout.0.5.epochs.60.layers.6464.lr.0.0005.model.sage.,10,(0.8343629684740179, 0.008590975214925805, 0.9704813108038914, 0.0014405330155284192, 0.7813431952572565, 0.013869834751542858, 0.8954173018675764, 0.012952517158582899),(0.8282077686950533, 0.008516894405889168, 0.9507730364873221, 0.002896731831448501, 0.8045661978321853, 0.012248190034088773, 0.8537317113432922, 0.019153773777220634)
aug.split.dropout.0.5.epochs.60.layers.6464.lr.0.0005.model.gcn.,60,(0.6020223233653902, 0.011643455111182522, 0.9366359447004609, 0.0011420741435327847, 0.5038086640425592, 0.014795513181110784, 0.7485702765213771, 0.019005962096928734),(0.7191201016837281, 0.009943405413793136, 0.9232529375386518, 0.0024922005788014594, 0.666683660022875, 0.01783878124759441, 0.7809687670356006, 0.010142825887878478)
aug.split.dropout.0.5.epochs.60.layers.6464.lr.0.001.model.sage.,10,(0.8445367902649773, 0.009441898655424741, 0.972273425499232, 0.0015416353525166031, 0.7915963423301234, 0.015095474686923358, 0.9052718061190166, 0.007709769152840425),(0.829403381649664, 0.011879284239109363, 0.9512677798392083, 0.003682640675562016, 0.8032602132736969, 0.012907424237739133, 0.8576683112324431, 0.02040684672416546)
aug.split.dropout.0.5.epochs.60.layers.6464.lr.0.001.model.gcn.,40,(0.6087053212947277, 0.010834892559322368, 0.9376856118791602, 0.0012100667996002637, 0.5094610276964839, 0.013744874198530184, 0.7565955883210664, 0.017132402541817193),(0.7282327531258554, 0.012760691869016672, 0.9254792826221397, 0.0032074959752356304, 0.6777232044523286, 0.0239514590197445, 0.7876242791671931, 0.010417322620849729)
aug.split.dropout.0.5.epochs.60.layers.3232.lr.0.0005.model.sage.,30,(0.8089084935069275, 0.00664580982602599, 0.9658730158730158, 0.0011523581602587423, 0.7589915053775195, 0.00945940215995609, 0.8660062392351711, 0.010392112210011835),(0.8119680545341754, 0.007737873666741337, 0.9465058750773038, 0.0027448782957541287, 0.7831361158868922, 0.010999988097167604, 0.8432788444643424, 0.014671355399338894)
aug.split.dropout.0.5.epochs.60.layers.3232.lr.0.0005.model.gcn.,60,(0.5856244442026751, 0.015344536038839271, 0.9359703020993344, 0.0013985151340243115, 0.4758778442391923, 0.020328689475820595, 0.7624603882895451, 0.016913674692561803),(0.7080961139716176, 0.011435336759283472, 0.9215831787260358, 0.0033049818715862153, 0.6453259782649705, 0.01998313761635049, 0.7850278052735997, 0.01146553170034635)
aug.split.dropout.0.5.epochs.60.layers.3232.lr.0.001.model.sage.,10,(0.8291097483286951, 0.010139096129516358, 0.9694828469022017, 0.0016935827351296736, 0.7781125556423403, 0.017254691588707672, 0.8875601551479381, 0.008516166968253719),(0.8187172493243582, 0.00996664067787347, 0.9479901051329623, 0.003326896142563477, 0.7962880060663876, 0.014661534303630692, 0.8426226669109553, 0.010408105412520133)
aug.split.dropout.0.5.epochs.60.layers.3232.lr.0.001.model.gcn.,30,(0.5915104852887942, 0.013722602264197395, 0.9360471070148488, 0.0013513203502710505, 0.4868734206893247, 0.01798043721020643, 0.7541529389831156, 0.009018076694089277),(0.6931207456791254, 0.007854889535355713, 0.9178726035868893, 0.0032875779492893033, 0.6288765980910447, 0.009422098435785791, 0.7721210898233105, 0.010564912122539571)
aug.zscore.dropout.0.5.epochs.60.layers.6464.lr.0.0005.model.sage.,10,(0.4490116132417004, 0.007561120738698466, 0.9192524321556579, 0.0013985151340243417, 0.34574326464671795, 0.009116771718887813, 0.6408550672594419, 0.013890602416951817),(0.5558206569929621, 0.02055341086581706, 0.8937538651824367, 0.005220509484330326, 0.4511777948533576, 0.023502808201051113, 0.724760721816879, 0.020035273683628143)
aug.zscore.dropout.0.5.epochs.60.layers.6464.lr.0.0005.model.gcn.,10,(0.11293271286004702, 0.011504660126566554, 0.9020225294418843, 0.0014245189701222157, 0.06561322732494922, 0.007386195673983201, 0.4077741872390853, 0.013727709097891555),(0.27750724216813305, 0.022959778378388692, 0.8588744588744588, 0.0025317859604772454, 0.18404670420217167, 0.016740748276639086, 0.5654955173419494, 0.04119432816856829)
aug.zscore.dropout.0.5.epochs.60.layers.6464.lr.0.001.model.sage.,10,(0.4450995168655192, 0.01215852899025925, 0.9191500256016386, 0.0015648445253390526, 0.3410011236992755, 0.016762013425645872, 0.6426638666057565, 0.016195257613587907),(0.5496317746166639, 0.015006955048335416, 0.8922696351267779, 0.0023271351542642855, 0.4464639620611406, 0.022315006242406062, 0.7163882748675526, 0.009665611155294742)
aug.zscore.dropout.0.5.epochs.60.layers.6464.lr.0.001.model.gcn.,10,(0.09803614881510354, 0.012028662055710567, 0.9025089605734766, 0.001975809665291839, 0.05572488672888485, 0.00737855459613541, 0.40985041378607195, 0.02603672082726061),(0.31657152751972256, 0.023723865824098085, 0.8630797773654917, 0.0019399365666491013, 0.2155495397827809, 0.020064906383973333, 0.5984259537448489, 0.02357480184895993)
aug.zscore.dropout.0.5.epochs.60.layers.3232.lr.0.0005.model.sage.,20,(0.2871475703031893, 0.011297161959117409, 0.9097798259088581, 0.0014194486713393845, 0.1911176931442317, 0.011231571723872754, 0.581042896343576, 0.024940349673080498),(0.3061032279737593, 0.02044524417911223, 0.8628942486085343, 0.0031204640226451088, 0.2057355036363147, 0.02011031891873518, 0.6072241352604049, 0.039758800614970516)
aug.zscore.dropout.0.5.epochs.60.layers.3232.lr.0.0005.model.gcn.,50,(0.06379243937182902, 0.008219122304416154, 0.9008960573476701, 0.001712441526696444, 0.03549974212491509, 0.0047864704281176534, 0.3153712934639216, 0.024737795479419726),(0.1480379363996351, 0.010569348002380815, 0.8478045763760049, 0.0007158835437718395, 0.08969062428518763, 0.006242096695389435, 0.42401876817340733, 0.035894663390731815)
aug.zscore.dropout.0.5.epochs.60.layers.3232.lr.0.001.model.sage.,10,(0.17645938397458918, 0.01346194355826541, 0.9011008704557092, 0.0016163537242872077, 0.11141375523702705, 0.009660793091116483, 0.4250612265703263, 0.02030593675973413),(0.06449024975543602, 0.015280252817838796, 0.8372912801484229, 0.004290846940928069, 0.038231627995170346, 0.01004789880663346, 0.21095628390182036, 0.032624965825357496)
aug.zscore.dropout.0.5.epochs.60.layers.3232.lr.0.001.model.gcn.,10,(0.11076259154122896, 0.010600086879995467, 0.90189452124936, 0.001286721133960984, 0.06425070656371251, 0.006640511136864354, 0.4025414910675281, 0.018543750325991606),(0.24040199624253974, 0.020614581665537205, 0.8532467532467531, 0.0023597753900233584, 0.1576428118067967, 0.014306014657836116, 0.5079660173026721, 0.045631629328239644)
aug.none.dropout.0.5.epochs.60.layers.6464.lr.0.0005.model.sage.,10,(0.36615697229663696, 0.01944284908245639, 0.9155145929339478, 0.0021768921320513314, 0.2568012954700002, 0.0190952431252464, 0.6408445716807334, 0.013350467792344285),(0.5523047949548998, 0.020158398101560452, 0.8930735930735931, 0.003221772734107899, 0.44823174103053914, 0.027796205163587443, 0.7213953588343133, 0.008139408705325176)
aug.none.dropout.0.5.epochs.60.layers.6464.lr.0.0005.model.gcn.,10,(0.16039901094380465, 0.013705896277614475, 0.9048387096774194, 0.002307842517099208, 0.09552329181174186, 0.00850868530194569, 0.5011667553295378, 0.0394270690468275),(0.3171221167688957, 0.020311393241592157, 0.8630797773654916, 0.0018696618995461842, 0.21600496909619818, 0.017495956914795177, 0.5983336948172403, 0.016453328850874076)
aug.none.dropout.0.5.epochs.60.layers.6464.lr.0.001.model.sage.,10,(0.42026130466779393, 0.019174711315620787, 0.9176139272913467, 0.0025939905584209375, 0.31414315431702955, 0.020737863918622392, 0.6369042529735476, 0.017118326482938713),(0.5213275767538471, 0.022333032938581267, 0.8889301175015462, 0.0032747562881567573, 0.4112081813987244, 0.029166888748780262, 0.7147970213009083, 0.013895368201574328)
aug.none.dropout.0.5.epochs.60.layers.6464.lr.0.001.model.gcn.,10,(0.13128304248871892, 0.01528546769546061, 0.9038146441372248, 0.002060255969148073, 0.076468794995138, 0.009749271902701247, 0.46709741409403405, 0.028685973988832505),(0.3146327286323427, 0.022417313993155545, 0.8631416202844774, 0.0024628704702213846, 0.21340883291378762, 0.018280282729503137, 0.5998205486591044, 0.020033972269549553)
aug.none.dropout.0.5.epochs.60.layers.3232.lr.0.0005.model.sage.,10,(0.22548304999047902, 0.011551737405231634, 0.9031233998975935, 0.0020631172163753774, 0.1482525721302807, 0.009479565151161369, 0.472546415075486, 0.02215609920665676),(0.3891963730811989, 0.011855375650741122, 0.8670995670995671, 0.0033612067388252846, 0.287272833930514, 0.01121104726109314, 0.6048664190869413, 0.029890940699110153)
aug.none.dropout.0.5.epochs.60.layers.3232.lr.0.0005.model.gcn.,10,(0.07016100122358575, 0.01397403443110835, 0.9004096262160779, 0.0018066849733105288, 0.03954991188028857, 0.008175498119167934, 0.3123515250248323, 0.042840503838315565),(0.2567484608103524, 0.023589586196562793, 0.8560296846011131, 0.0027560024681703562, 0.1689747065181633, 0.018025248572939825, 0.5382729154903069, 0.04477856983874677)
aug.none.dropout.0.5.epochs.60.layers.3232.lr.0.001.model.sage.,10,(0.18291191035136425, 0.021680848312255085, 0.9030465949820788, 0.0031776986378548775, 0.11424194062058482, 0.01544335642328582, 0.46436906765367497, 0.04577795415087385),(0.4301765749650075, 0.010604755375703372, 0.8735930735930737, 0.0033782313627081432, 0.3237361037147503, 0.012081383410831738, 0.641934545688996, 0.016982724983627316)
aug.none.dropout.0.5.epochs.60.layers.3232.lr.0.001.model.gcn.,20,(0.05217081558791389, 0.016404911917340056, 0.9014080901177675, 0.0022044185244884224, 0.028582127893015646, 0.009189874720168698, 0.3016585150625652, 0.07272942153337096),(0.19844729564345165, 0.019831403708258095, 0.8519480519480519, 0.001494501666492828, 0.12442839813206816, 0.013190854896815745, 0.4919255979706591, 0.04931434031724055)
aug.split.dropout.0.5.epochs.100.layers.6464.lr.0.0001.model.sage.,20,(0.8351306494605847, 0.007665007782389046, 0.9706349206349205, 0.0012713475696809987, 0.7816094688028905, 0.013387809417051628, 0.8968433383620354, 0.01255784735708928),(0.8287899203235115, 0.00792930770937302, 0.9508967223252938, 0.0027822441259621913, 0.805813700272733, 0.011406712167288292, 0.8535551632384257, 0.018939128962156566)
aug.split.dropout.0.5.epochs.100.layers.6464.lr.0.0001.model.gcn.,100,(0.6041159113702029, 0.009603081457241333, 0.9372759856630826, 0.0009981356215882041, 0.5029702356456467, 0.010344054760691017, 0.7566447245419994, 0.018548389124930197),(0.722040901403848, 0.006879406498256271, 0.9247371675943103, 0.0017557290744066852, 0.6632948752028842, 0.016008775028015877, 0.7927939320544122, 0.012402151850514215)
aug.split.dropout.0.5.epochs.100.layers.3232.lr.0.0001.model.sage.,100,(0.8223874127125257, 0.006360674372360303, 0.9686123911930364, 0.0010752688172043705, 0.7635610871812821, 0.008483087731504553, 0.8911068605338828, 0.007257331649868172),(0.8041225582300949, 0.009883979521836022, 0.9445887445887446, 0.003445488751313341, 0.7710598918194548, 0.012052258266197078, 0.8403977185405079, 0.015547522830250356)
aug.split.dropout.0.5.epochs.100.layers.3232.lr.0.0001.model.gcn.,100,(0.519432020902656, 0.012228340786994639, 0.9280593958013312, 0.0007104166372509631, 0.40879143509141985, 0.015370303321989841, 0.7131500187075243, 0.013547550517744809),(0.6866149324515354, 0.011381549762413597, 0.9179344465058751, 0.00294387884611303, 0.6100837994860839, 0.019410741006262795, 0.7857387155600384, 0.009311630929709746)
aug.zscore.dropout.0.5.epochs.100.layers.6464.lr.0.0001.model.sage.,70,(0.433867986631843, 0.02085849630131334, 0.9208397337429595, 0.002302155365731322, 0.31904839978950206, 0.020254917409280662, 0.679235376595617, 0.021586355988645396),(0.5635690641127589, 0.010564120759988721, 0.8944341372912801, 0.0016548037303969817, 0.4627257314760785, 0.018611001399113578, 0.72226320532085, 0.019614760601521123)
aug.zscore.dropout.0.5.epochs.100.layers.6464.lr.0.0001.model.gcn.,40,(0.14589312789651063, 0.01160040425178755, 0.9031490015360983, 0.0019490902519891848, 0.08695130155699231, 0.007468585600997957, 0.45401806365093417, 0.02402227420155114),(0.30328295321741017, 0.025699260765994637, 0.8605442176870748, 0.002758776502559724, 0.206342617694516, 0.02121167539597477, 0.5750031981340229, 0.03242179039369769)
aug.zscore.dropout.0.5.epochs.100.layers.3232.lr.0.0001.model.sage.,90,(0.2490788455059792, 0.022658257508294213, 0.9084997439836149, 0.00155602369677652, 0.16001242625506545, 0.019394460992846058, 0.5710559783346463, 0.023065808040959573),(0.16229995713977824, 0.008810132076687037, 0.8441558441558442, 0.003563354431883232, 0.10234973041869191, 0.004761394963016811, 0.3922837193255533, 0.03324333504621333)
aug.zscore.dropout.0.5.epochs.100.layers.3232.lr.0.0001.model.gcn.,10,(0.04933432297519359, 0.0078968029220788, 0.9003584229390682, 0.002021719101116186, 0.027187791021626367, 0.004530592992443607, 0.2682677648845891, 0.032934144392750275),(0.11733421688786536, 0.01712095501890221, 0.8467532467532468, 0.001335005141924742, 0.06908646920373479, 0.009976005154209305, 0.3898859484986189, 0.062140899069506296)
aug.none.dropout.0.5.epochs.100.layers.6464.lr.0.0001.model.sage.,10,(0.4676057790475617, 0.01931080750421469, 0.921838197644649, 0.0021566246480955354, 0.3611064461725109, 0.022110479433713248, 0.6646130191061066, 0.01083481843258338),(0.54931477406836, 0.0030293326651555288, 0.8921459492888065, 0.0015198770225658203, 0.44598161961895644, 0.011622604048879309, 0.7162917165331264, 0.020713358302566397)
aug.none.dropout.0.5.epochs.100.layers.6464.lr.0.0001.model.gcn.,80,(0.15475092753821454, 0.015713218445869894, 0.9049411162314389, 0.0020314218561062205, 0.09148759385513153, 0.009933375476959034, 0.5026849358851052, 0.033631430351735964),(0.3076408873902422, 0.028855115005078837, 0.8625231910946198, 0.003593281149371398, 0.20760237610659843, 0.022241429797727016, 0.595341887946646, 0.03382268769937595)
aug.none.dropout.0.5.epochs.100.layers.3232.lr.0.0001.model.sage.,100,(0.18082745907007683, 0.01699582972738412, 0.9040450588837686, 0.0016385048643113424, 0.1115364035174445, 0.012706115702907052, 0.4841365463665728, 0.024057101439917954),(0.3704441359155141, 0.018268644761252225, 0.8675943104514532, 0.0033838872035385176, 0.2647698129052328, 0.021181706747549538, 0.6208313988279477, 0.019175632654162618)
aug.none.dropout.0.5.epochs.100.layers.3232.lr.0.0001.model.gcn.,100,(0.08839204982447549, 0.014006474612601297, 0.9024321556579622, 0.0017540392353262613, 0.049758228732909235, 0.00821380422575498, 0.39770514218231445, 0.043495403663575155),(0.19463611271965242, 0.03063234906906358, 0.8529993815708099, 0.0020191499959573062, 0.12107841784355185, 0.022100042089209036, 0.503674474098786, 0.03536231249822846)
aug.split.dropout.0.5.epochs.100.layers.6464.lr.0.0005.model.gat.,100,(0.6693078375671518, 0.007070977262011192, 0.9459293394777266, 0.0006802524452425043, 0.5750892963140132, 0.011495271468093747, 0.8009288018695265, 0.014104180953847151),(0.7478433786535398, 0.010282203416240736, 0.9311069882498455, 0.0028834986337352717, 0.6930958547635997, 0.01629273147181, 0.8122826499027063, 0.009319809662006075)
aug.split.dropout.0.5.epochs.100.layers.6464.lr.0.0001.model.gat.,10,(0.6691254496406067, 0.009040037227846786, 0.9455197132616489, 0.0009037052019827369, 0.5791316005447236, 0.016907843476870982, 0.7931873795372669, 0.016951733379513393),(0.7571374319493464, 0.010272091923212169, 0.9333333333333333, 0.0031811555101080437, 0.7048165029606095, 0.014167009423637775, 0.8180730183610718, 0.011567139822493026)
aug.split.dropout.0.5.epochs.100.layers.6464.lr.0.0001.model.gat.,100,(0.6559789078219179, 0.012402994224508421, 0.9434971838197643, 0.0016224249378141201, 0.5662699624712215, 0.016292678759808023, 0.7800559119244003, 0.017016177509201834),(0.7397688680703667, 0.010592529524400315, 0.9287569573283859, 0.003333786511303304, 0.6867733878501475, 0.013323898731206426, 0.8018019592336904, 0.0119863966675258)
aug.split.dropout.0.5.epochs.100.layers.3232.lr.0.0005.model.gat.,70,(0.6442779164720743, 0.009796720524181941, 0.9423963133640554, 0.0014022594918207051, 0.5482360224673799, 0.013200193716744928, 0.7813949620173878, 0.007231506066518114),(0.7250225506122229, 0.013857583401951661, 0.9259121830550402, 0.004642751856307611, 0.6620458967370539, 0.01204490446808995, 0.8013351157332146, 0.018392959681319033)
aug.split.dropout.0.5.epochs.100.layers.3232.lr.0.0001.model.gat.,10,(0.6413539116856596, 0.006622821625450591, 0.941884280593958, 0.0008681938022433666, 0.5461230184886819, 0.012827179064564567, 0.7774953219307392, 0.01484321032676556),(0.7237556413072183, 0.012773500771159444, 0.9249226963512678, 0.004520882345701172, 0.6666529352521275, 0.012802699762929262, 0.7917634366129878, 0.017847112094495875)
aug.split.dropout.0.5.epochs.100.layers.3232.lr.0.0001.model.gat.,70,(0.6308479504949135, 0.011781677819536075, 0.940015360983103, 0.0013119434690546828, 0.5388530261851361, 0.017480903375183352, 0.7614898827140882, 0.0150291885840712),(0.7360855472441249, 0.011291941534770127, 0.928200371057514, 0.0033725660369662317, 0.6791723709821558, 0.01576820166210519, 0.8037126063081063, 0.01268347828104423)
aug.zscore.dropout.0.5.epochs.100.layers.6464.lr.0.0005.model.gat.,10,(0.18150830493727552, 0.02067566374417587, 0.9039938556067588, 0.0021948832820638323, 0.1119964814421773, 0.014041904271015837, 0.4803951578625634, 0.03633102682345514),(0.4646364474561862, 0.052308558757084976, 0.8802721088435375, 0.0073470845317858795, 0.3556491529716931, 0.05699982027136149, 0.6772008281634883, 0.02203710245007945)
aug.zscore.dropout.0.5.epochs.100.layers.6464.lr.0.0001.model.gat.,40,(0.21093494146746875, 0.037351919205883405, 0.9054531490015361, 0.0035920841443258154, 0.1333582079842505, 0.026452619568150197, 0.5093471133253138, 0.05240037844779474),(0.5143827693439826, 0.04796594151233336, 0.8883735312306742, 0.0065827132174323625, 0.4043221262725926, 0.05370982929178941, 0.7143345220314222, 0.009411194314839763)
aug.zscore.dropout.0.5.epochs.100.layers.6464.lr.0.0001.model.gat.,10,(0.17052719375820177, 0.006596149137796902, 0.9045826932923706, 0.002129096045703219, 0.10306760714949662, 0.004822397998368731, 0.4963084619112988, 0.030012689467075478),(0.4457045375580546, 0.017326671471560483, 0.8769944341372913, 0.002325491116507473, 0.3359029017218735, 0.01971592178753919, 0.6638979737059252, 0.011315985565943291)
aug.zscore.dropout.0.5.epochs.100.layers.3232.lr.0.0005.model.gat.,10,(0.09767522703134526, 0.008109487588884879, 0.9015616999487968, 0.0019447136727939168, 0.05598724770378253, 0.004858622325600199, 0.38274610321028757, 0.022651640308019024),(0.26584461735845455, 0.020326945900500146, 0.8602968460111317, 0.0014424123425715604, 0.17181324122066668, 0.015174761961960546, 0.5890467494540544, 0.02565990066633882)
aug.zscore.dropout.0.5.epochs.100.layers.3232.lr.0.0001.model.gat.,30,(0.020375201913405437, 0.006245239061739127, 0.9019969278033795, 0.0020426834874878457, 0.010730156433561271, 0.003376894369088412, 0.21229821299481594, 0.04646898379557424),(0.2151107405850441, 0.010556134040136491, 0.8546691403834261, 0.0034321427150307325, 0.1351648258976302, 0.008373102177147857, 0.5307829017173338, 0.03658727506958902)
aug.zscore.dropout.0.5.epochs.100.layers.3232.lr.0.0001.model.gat.,40,(0.05584590357937317, 0.008369207954751611, 0.9005888376856118, 0.001636503514029373, 0.030905895036289554, 0.004753927505819801, 0.29027177566503404, 0.03511210994386462),(0.2814493291393305, 0.01776428210856564, 0.8604205318491033, 0.0022688851364062144, 0.18576713030827677, 0.015731135089648737, 0.5847156617208602, 0.019382112842371416)
aug.none.dropout.0.5.epochs.100.layers.6464.lr.0.0005.model.gat.,10,(0.1780366335159828, 0.023453218987062898, 0.9015873015873016, 0.0020471707938252556, 0.11227433125087252, 0.016895530553026696, 0.43292416417298174, 0.03236681805311131),(0.48166639950680956, 0.05982638170448632, 0.8841682127396414, 0.007422696190252081, 0.36960768746635975, 0.06517377216671695, 0.7008034847364283, 0.021326238337483445)
aug.none.dropout.0.5.epochs.100.layers.6464.lr.0.0001.model.gat.,10,(0.15389613837938293, 0.034621038302687264, 0.9044802867383513, 0.003433293315768613, 0.09164010608302178, 0.02240373728082438, 0.4852621536017108, 0.06354914510810693),(0.47311373819966474, 0.026244755679321028, 0.884230055658627, 0.003187161095046386, 0.3535387017373752, 0.029366301891316695, 0.7178576804468542, 0.004656449743447812)
aug.none.dropout.0.5.epochs.100.layers.6464.lr.0.0001.model.gat.,80,(0.16616246895408593, 0.008527543615827223, 0.9033282130056325, 0.0022500330304884453, 0.10121644529081605, 0.005779833745205461, 0.4663975599919339, 0.035091362989449634),(0.4564288633806376, 0.024192659862582983, 0.8794063079777364, 0.0024814350832082404, 0.34427727252427387, 0.02700455181443448, 0.6795334757402651, 0.012977804600946094)
aug.none.dropout.0.5.epochs.100.layers.3232.lr.0.0005.model.gat.,10,(0.07511265890897234, 0.006906645906947864, 0.9023041474654379, 0.0015518056795383315, 0.04168088169009711, 0.003858790129817701, 0.380834803418599, 0.03845283802233642),(0.2711528786760205, 0.016802733515814877, 0.8589981447124304, 0.0017816772159416083, 0.1781419554388618, 0.013641857963264288, 0.5704590168094447, 0.027155502649993894)
aug.none.dropout.0.5.epochs.100.layers.3232.lr.0.0001.model.gat.,100,(0.07726232348694703, 0.004704190159938167, 0.9003584229390681, 0.0021167461964766337, 0.04382703722748456, 0.0027498445678422636, 0.3284456138207538, 0.031482480821606165),(0.1718179892570885, 0.004248011083130881, 0.8396413110698825, 0.003899538100293005, 0.11281107633881444, 0.0028976463687197286, 0.36166344240417625, 0.02355000828886985)
aug.none.dropout.0.5.epochs.100.layers.3232.lr.0.0001.model.gat.,10,(0.051158494050997094, 0.007152636032110872, 0.9011776753712238, 0.0016611498410146741, 0.028008792900248974, 0.004058585115030878, 0.2961260723675107, 0.026707838367038415),(0.1995841799617395, 0.03068308559327065, 0.844465058750773, 0.0023056712284857555, 0.1323302416028254, 0.025119787184405662, 0.4132469167550779, 0.037362273508539004)
aug.permute.dropout.0.5.epochs.100.layers.6464.lr.0.0005.model.sage.,10,(0.3439083743874448, 0.01024749673949459, 0.910547875064004, 0.0017983214878480507, 0.24644567773570875, 0.011029321199683684, 0.5703180104679247, 0.01610566531392887),(0.5471790730974695, 0.01470170733370521, 0.8906617192331477, 0.0031691101979762267, 0.4485147040757974, 0.02146972535579903, 0.7031437235865133, 0.01959845917256241)
aug.permute.dropout.0.5.epochs.100.layers.6464.lr.0.0005.model.gcn.,10,(0.11687091645413361, 0.011731832883311458, 0.9021761392729134, 0.002352566309812637, 0.06806166146186612, 0.007494452222437865, 0.4162933948606183, 0.031630979550205746),(0.2917791763496927, 0.03703656589126619, 0.8606060606060606, 0.003069801767715754, 0.1957995094483555, 0.03117887318674727, 0.5795778268281874, 0.03970443747484982)
aug.permute.dropout.0.5.epochs.100.layers.6464.lr.0.001.model.sage.,10,(0.40542273636264403, 0.01018550243235954, 0.9150793650793652, 0.001967498828145465, 0.3043470864892143, 0.01294891119192502, 0.6088691998366136, 0.02062628753928291),(0.4936035255080113, 0.018113060355560234, 0.8802721088435375, 0.0017644208556199215, 0.39635807467452944, 0.02161315532030435, 0.6554504106737513, 0.01853311181977035)
aug.permute.dropout.0.5.epochs.100.layers.6464.lr.0.001.model.gcn.,10,(0.0917174953587752, 0.013862987200487247, 0.9017921146953405, 0.0020662917331265834, 0.05218782545450149, 0.008506164762850972, 0.38263049039389474, 0.03548305160404797),(0.2971086167181982, 0.02602944321111889, 0.8599257884972171, 0.002305671228485711, 0.20128284180086728, 0.021555096311864246, 0.5702437465640122, 0.032338027518721675)
aug.permute.dropout.0.5.epochs.100.layers.6464.lr.0.0001.model.sage.,10,(0.3888424706198702, 0.006419688246417615, 0.9149257552483359, 0.001731851973915799, 0.2843682936473314, 0.007329904399041626, 0.6155070924685856, 0.017838065583094642),(0.4897127871897052, 0.03168891169464469, 0.8813234384662956, 0.004435478312193268, 0.38771297780798386, 0.03707460915863524, 0.6679842571793863, 0.022555416184292378)
aug.permute.dropout.0.5.epochs.100.layers.6464.lr.0.0001.model.gcn.,10,(0.1263431363763009, 0.023809117651286776, 0.9024065540194574, 0.0020298079511433345, 0.07446691794382494, 0.015518654750367802, 0.4244377032957519, 0.03973537480384389),(0.3050833314227716, 0.031997338168285615, 0.8596784168212739, 0.003303824462385408, 0.209635251739213, 0.026744573422826604, 0.5633617350807385, 0.032002587081246446)
aug.permute.dropout.0.5.epochs.100.layers.3232.lr.0.0005.model.sage.,30,(0.2090989870552568, 0.011870396719305999, 0.9045314900153609, 0.002047170793825244, 0.13267391336601694, 0.008969302350231764, 0.4957333479339702, 0.027839239617842692),(0.28633474799409675, 0.03276458269749599, 0.8569573283858999, 0.004410401813154094, 0.1959539508445166, 0.03137453477544577, 0.54416324017368, 0.030555053998246914)
aug.permute.dropout.0.5.epochs.100.layers.3232.lr.0.0005.model.gcn.,30,(0.04683163052213863, 0.009991102009277978, 0.8995647721454173, 0.002206201794450638, 0.02600716321911366, 0.006013243097200518, 0.24108610852895868, 0.023281386079957587),(0.1400300335414925, 0.008262378708938806, 0.8420531849103277, 0.0030258824546011516, 0.08728780943089454, 0.006117282611588392, 0.3595813372978727, 0.04142474367719053)
aug.permute.dropout.0.5.epochs.100.layers.3232.lr.0.001.model.sage.,10,(0.2271233737950474, 0.01609783690451634, 0.9067588325652842, 0.0025261436525435567, 0.1440532718680038, 0.011696283988683142, 0.5391099289030681, 0.029398792393349766),(0.3784051487117814, 0.024398307116927604, 0.8714285714285716, 0.003100791870555798, 0.26610585877508275, 0.023833175695222853, 0.658207814442709, 0.007823339930169591)
aug.permute.dropout.0.5.epochs.100.layers.3232.lr.0.001.model.gcn.,10,(0.09559803962614653, 0.012701021635453702, 0.9008192524321557, 0.0022207115660216404, 0.05512808589759048, 0.0077305761152054765, 0.3618419469778372, 0.03723994439627777),(0.12887027476379054, 0.015533875800215572, 0.8489795918367348, 0.001700399144696016, 0.07592681180191044, 0.01023821976228804, 0.4303743648526218, 0.024504285198925554)
aug.permute.dropout.0.5.epochs.100.layers.3232.lr.0.0001.model.sage.,100,(0.1305211236599649, 0.009336527396494773, 0.9014080901177675, 0.001400856530497169, 0.07781080145992772, 0.006346710669215119, 0.4072332013014968, 0.023925422334649556),(0.18684841627601573, 0.023330899463077828, 0.8526901669758811, 0.0036722406528889484, 0.11495933651853138, 0.015305317337927133, 0.5001390367803557, 0.04500314278913054)
aug.permute.dropout.0.5.epochs.100.layers.3232.lr.0.0001.model.gcn.,30,(0.06171386059976096, 0.008201761950165922, 0.8997183819764464, 0.0018841136193521713, 0.03467585966791602, 0.004784284163833168, 0.28193050774474926, 0.029688740916666068),(0.23081619628251268, 0.019599605226334558, 0.8548546691403835, 0.0014712897035708398, 0.14812467972963977, 0.0163158979239676, 0.5285638318385938, 0.020749049011796004)
aug.splitpc.dropout.0.5.epochs.150.layers.6464.lr.0.0005.model.sage.,10,(0.841976471794745, 0.010859214763374593, 0.972094214029698, 0.0018103092196276138, 0.7813851247075311, 0.01510750282698383, 0.913006723564633, 0.01259333320125548),(0.8218552678143516, 0.011058416195571593, 0.9489795918367347, 0.003341807318764704, 0.7982293179392542, 0.01543521892262369, 0.8473291670254728, 0.018061580547876314)
aug.splitpc.dropout.0.5.epochs.150.layers.6464.lr.0.0005.model.gcn.,60,(0.590034943141228, 0.012580522296292635, 0.9359959037378391, 0.0014069259256563414, 0.48416645118621454, 0.015099796837094007, 0.7557628073929464, 0.015935202074288928),(0.718542479355258, 0.012135283474664672, 0.924613481756339, 0.003321143248508971, 0.652816373273067, 0.014963185376160038, 0.7991243512829549, 0.010381260804818443)
aug.splitpc.dropout.0.5.epochs.150.layers.6464.lr.0.0005.model.gat.,70,(0.6687596252241841, 0.008579874183027523, 0.9454173067076292, 0.0010131264176860796, 0.5791413251239425, 0.013897298444337744, 0.7916586964082545, 0.010997708537041089),(0.7441757410510551, 0.007705481910625459, 0.9304885590599877, 0.0021458690875568857, 0.6858480407307948, 0.009675354234862944, 0.8135534531879056, 0.013012800863896388)
aug.splitpc.dropout.0.5.epochs.150.layers.6464.lr.0.001.model.sage.,10,(0.8427671291676606, 0.009622954906364773, 0.972247823860727, 0.0016340986581907771, 0.7816413590541935, 0.015520643288951572, 0.9145718810208688, 0.011139556550500663),(0.8276059503172742, 0.007685206769815931, 0.9507111935683363, 0.0024550937837079763, 0.802422656931588, 0.014178621998843028, 0.8548545461661746, 0.016171833662027093)
aug.splitpc.dropout.0.5.epochs.150.layers.6464.lr.0.001.model.gcn.,50,(0.5893532606164593, 0.012525499750742268, 0.9359190988223245, 0.0014831283520696762, 0.483356702406012, 0.014659368991065163, 0.7554596513655738, 0.016113109161170296),(0.7174113511842212, 0.00971776255962825, 0.9242424242424242, 0.0027379027360765044, 0.6523519781549141, 0.012764568476026753, 0.7970114688755187, 0.00803301093710464)
aug.splitpc.dropout.0.5.epochs.150.layers.6464.lr.0.001.model.gat.,10,(0.6694943398565426, 0.010832538872885081, 0.9459549411162314, 0.0013653140425983938, 0.5752943200335717, 0.011379046589231112, 0.8007656006939344, 0.014110660097068793),(0.7452412603369416, 0.007954422715047637, 0.9309833024118739, 0.002633956640574765, 0.6846102006768453, 0.007668350884657265, 0.8177257910965704, 0.011141926652325784)
aug.splitpc.dropout.0.5.epochs.150.layers.6464.lr.0.0001.model.sage.,60,(0.8445631858535055, 0.008472661391290147, 0.9725550435227855, 0.0014631062019692337, 0.78351725433406, 0.013668929007237901, 0.9162390714433052, 0.012784208224217547),(0.8305757414504615, 0.010200135848878049, 0.9517625231910944, 0.003029671914388597, 0.8020485915753675, 0.017592809774028936, 0.8615971097732412, 0.013692932516936592)
aug.splitpc.dropout.0.5.epochs.150.layers.6464.lr.0.0001.model.gcn.,130,(0.5661732839891637, 0.010078365669711372, 0.9336405529953918, 0.0010879943349142254, 0.45510724489245125, 0.011738640721586755, 0.7496043248408253, 0.018719340037028333),(0.7092588084492553, 0.012440479880841624, 0.9228818800247371, 0.003333786511303259, 0.6382646220478845, 0.019245386520061362, 0.7984069191270257, 0.005449052216430965)
aug.splitpc.dropout.0.5.epochs.150.layers.6464.lr.0.0001.model.gat.,60,(0.6624369863026514, 0.009764319228132196, 0.9450076804915515, 0.001505062821986592, 0.5670304181172175, 0.012181199568196459, 0.7967419785796446, 0.012460182305429118),(0.7559938384106886, 0.0112863065484641, 0.9334570191713049, 0.0031919574274740284, 0.6992796616676605, 0.014227168541634576, 0.8228285866783279, 0.009604412212581613)
aug.splitpc2.dropout.0.5.epochs.100.layers.6464.lr.0.0005.model.sage.,40,(0.8254915433826808, 0.006275498501830838, 0.9699180747567844, 0.000691718181572278, 0.7479333723136303, 0.012165464985290612, 0.9213164829375659, 0.011173182860354902),(0.8323380598986174, 0.009080511139317923, 0.9526901669758813, 0.002631051006330536, 0.7965742826802914, 0.010924564070826016, 0.8717251397073195, 0.016318977411963947)
aug.splitpc2.dropout.0.5.epochs.100.layers.6464.lr.0.0005.model.gcn.,50,(0.527660398853113, 0.011626489762810584, 0.9310035842293907, 0.0013376702998068029, 0.40518374655864375, 0.01584569772345033, 0.757913447070234, 0.019008818851341727),(0.7036683386037389, 0.016056103434916973, 0.9213976499690786, 0.004326353106343267, 0.6332311767628039, 0.021436388019736585, 0.7921948976278006, 0.014704451858758774)
aug.splitpc2.dropout.0.5.epochs.100.layers.6464.lr.0.0005.model.gat.,30,(0.6409238427482046, 0.005776887294787211, 0.9426267281105991, 0.0010348890389865572, 0.5380404656002652, 0.00996755718526467, 0.7929594048687703, 0.014565315733600384),(0.7424651401893227, 0.013364768257588974, 0.9302411873840446, 0.004322815613432605, 0.6817545344948703, 0.01319997459428604, 0.8153643543977411, 0.02096106755474404)
aug.splitpc2.dropout.0.5.epochs.100.layers.6464.lr.0.001.model.sage.,10,(0.8284128941180091, 0.007184574200048255, 0.9704813108038914, 0.000959976101344232, 0.7490416098458896, 0.013020378087979364, 0.9269033365360941, 0.010027286945205924),(0.8286548026132123, 0.009285083683264786, 0.9517006802721089, 0.0029877235198963546, 0.7919878467967398, 0.01654658655702205, 0.8694610051478279, 0.018637419729206753)
aug.splitpc2.dropout.0.5.epochs.100.layers.6464.lr.0.001.model.gcn.,50,(0.5270652166314986, 0.012966542842082691, 0.9310547875064005, 0.0017223643821355846, 0.40384325055790393, 0.015100164116681403, 0.7596772431361863, 0.018726523521548123),(0.7056684859531133, 0.01601198342524656, 0.92152133580705, 0.00442684728959139, 0.6382208372166002, 0.019129331797397557, 0.7893174651821558, 0.01555891797145034)
aug.splitpc2.dropout.0.5.epochs.100.layers.6464.lr.0.001.model.gat.,10,(0.6634144031163619, 0.011287223747117717, 0.9460573476702508, 0.0011969963878710995, 0.5589435184128738, 0.0181916745441183, 0.8167475687512447, 0.010838947769785348),(0.7500585707631323, 0.012997525340518503, 0.9318491032776747, 0.00390443886646, 0.6935589808418919, 0.016598168522724558, 0.8168408488642717, 0.014194196223493768)
aug.splitpc2.dropout.0.5.epochs.100.layers.6464.lr.0.0001.model.sage.,20,(0.8276085041481422, 0.004813056152339687, 0.9704045058883768, 0.0005804292907708626, 0.7466416829096569, 0.011869998039565436, 0.928645462112559, 0.011726217309768878),(0.8324050621317124, 0.010891993781796989, 0.9528756957328387, 0.0032817561314586606, 0.7936716501357494, 0.015664246913471815, 0.875603727383643, 0.019656133606534117)
aug.splitpc2.dropout.0.5.epochs.100.layers.6464.lr.0.0001.model.gcn.,90,(0.5142968137555904, 0.014873503251187614, 0.9303379416282642, 0.001955469170909218, 0.38767016315438135, 0.015096774454228405, 0.7645247032177298, 0.016454005679506983),(0.6958302579929889, 0.01257180077388242, 0.91991341991342, 0.00357941771885904, 0.6214051170514066, 0.01562426320397946, 0.7907691209510881, 0.01318930920080294)
aug.splitpc2.dropout.0.5.epochs.100.layers.6464.lr.0.0001.model.gat.,20,(0.6370691811951871, 0.010411919266074831, 0.9433691756272401, 0.0013609865704046792, 0.5224811527668469, 0.01648570471529863, 0.8168386910902876, 0.008518965264199912),(0.7377495176412789, 0.010927371548069399, 0.9291280148423006, 0.0037177831453776783, 0.6758726785367661, 0.009644227762898975, 0.8121891190032372, 0.015249454880982189)
aug.splitpc2.dropout.0.5.epochs.200.layers.3232.lr.0.0005.model.sage.,30,(0.8237273166095157, 0.007819724210923258, 0.9695340501792116, 0.0011159495503176532, 0.7482228202342875, 0.012122689673834742, 0.9164123256589768, 0.010307704171178425),(0.827308567309083, 0.009391597854169499, 0.9512677798392083, 0.0033566522560573337, 0.7910920416610516, 0.0075118534492263495, 0.8674161697903553, 0.022156523763835964)
aug.splitpc2.dropout.0.5.epochs.150.layers.3232.lr.0.0005.model.gcn.,60,(0.5143110379737278, 0.015233081451030575, 0.9305427547363031, 0.0018578394835152988, 0.3866265378088828, 0.016482532693244373, 0.7690175025307118, 0.015592196813733004),(0.6905548244889236, 0.009871594049587842, 0.9186765615337045, 0.003023353509358138, 0.615508681599396, 0.013579333074849863, 0.7866685120936985, 0.009113824629802068)
aug.splitpc2.dropout.0.5.epochs.150.layers.3232.lr.0.0005.model.gat.,10,(0.6310408735299238, 0.010889538903204184, 0.9420890937019969, 0.0014222165296806184, 0.5206060791817342, 0.017067925409291265, 0.8018954685604764, 0.014206469018887898),(0.7183022480639275, 0.01173026693618286, 0.9249226963512678, 0.003161860984827246, 0.6493970092839649, 0.014952256301814775, 0.8037594645164783, 0.010816380838090629)
aug.splitpc2.dropout.0.5.epochs.150.layers.3232.lr.0.0005.model.sage.,10,(0.8128851866755887, 0.007128474307556398, 0.9677675371223758, 0.0009994480950303731, 0.7358896788675556, 0.012536370125630298, 0.9081593690954228, 0.010230126611843358),(0.8212934003961161, 0.011879161314207581, 0.9497835497835497, 0.003424333506470514, 0.7826882693892436, 0.012085489597008522, 0.8641565499268813, 0.018804522862566335)
aug.splitpc2.dropout.0.5.epochs.150.layers.3232.lr.0.001.model.gcn.,140,(0.5076548006845589, 0.013584322876615524, 0.9297491039426523, 0.0018645306150571648, 0.38069458352618424, 0.014720274691871784, 0.7626398534186919, 0.01537596723217222),(0.6826552104912935, 0.00925504557004614, 0.9178107606679035, 0.0030447825912408586, 0.5996095444206513, 0.013501665627961516, 0.7928138875857718, 0.013323694353520352)
aug.splitpc2.dropout.0.5.epochs.150.layers.3232.lr.0.001.model.gat.,150,(0.5857398149679345, 0.011067295957080154, 0.9372503840245775, 0.0015518056795383083, 0.46624861905129766, 0.013728303864874402, 0.7881512701136997, 0.011942123433229649),(0.7130946614622459, 0.004012881859695379, 0.9247371675943106, 0.002174198618583424, 0.634295499572663, 0.006513767039727976, 0.814471889521497, 0.011797094264389858)
aug.splitpc2.dropout.0.5.epochs.150.layers.3232.lr.0.001.model.sage.,20,(0.8162216972338057, 0.007805181757060165, 0.9682027649769586, 0.0012661815687535674, 0.7420826117518078, 0.013801376915752799, 0.9073367906858343, 0.01676636097117879),(0.8200101274417756, 0.010773900754666216, 0.9492269635126778, 0.003538582436838507, 0.7840599922945531, 0.011872208113824905, 0.8597605129694669, 0.019495814339663128)
aug.splitpc2.dropout.0.5.epochs.150.layers.3232.lr.0.0001.model.gcn.,8,(0.45917528938981533, 0.012629841260963745, 0.9256528417818739, 0.0015602303108235825, 0.33173966694744833, 0.012547828984970113, 0.7464374034766765, 0.014860430847336618),(0.6545692764802514, 0.009759640599899958, 0.9123067408781693, 0.0033337865113032984, 0.5634874352662251, 0.01108834458076243, 0.781035433653981, 0.014256190309248509)
aug.splitpc2.dropout.0.5.epochs.150.layers.3232.lr.0.0001.model.gat.,8,(0.5977292995892994, 0.011084309107313102, 0.9379160266257042, 0.0015275405929519698, 0.4847616795381537, 0.013219678805818525, 0.7799924613883723, 0.018255364107600588),(0.7261823025909926, 0.009359783074356667, 0.9271490414347557, 0.002851488406530236, 0.6552137531623022, 0.00991211937916594, 0.814546263809343, 0.01370175578296007)
aug.splitpc2.dropout.0.5.epochs.150.layers.3232.lr.0.0001.model.sage.,140,(0.8142881408154844, 0.004126905043117251, 0.9678443420378905, 0.0006597080761251965, 0.740750518318935, 0.007426043540016817, 0.9042308667865753, 0.011008805125789644),(0.8177877166924574, 0.01089445735134848, 0.9487940630797773, 0.0032229596093494967, 0.7793871855888448, 0.012887261610115552, 0.8603486182742021, 0.01459473457606036)
aug.splitpc2.dropout.0.5.epochs.150.layers.128128.lr.0.0005.model.gcn.,40,(0.5312015160870734, 0.013091316493049144, 0.9312083973374297, 0.0015897772346400475, 0.409775563287337, 0.016898901439651885, 0.7565611005160313, 0.020326136666344544),(0.7054690342966089, 0.015479374450650464, 0.9217068645640074, 0.00423702984117761, 0.6361572740055694, 0.01993441223541154, 0.7921200160774416, 0.01526759617253716)
aug.splitpc2.dropout.0.5.epochs.150.layers.128128.lr.0.0005.model.gat.,10,(0.6721408230296049, 0.00893508872787107, 0.9470302099334358, 0.0007739998186293538, 0.570784562334697, 0.015024786077511022, 0.8178936555942841, 0.011446321065593769),(0.7475408490899256, 0.013255833694334354, 0.9315398886827457, 0.004183434638290109, 0.6872807286685377, 0.015784732743562267, 0.8197960877710422, 0.019628704217698037)
aug.splitpc2.dropout.0.5.epochs.150.layers.128128.lr.0.0005.model.sage.,10,(0.8357457726447854, 0.008972018416517772, 0.9718894009216591, 0.0011692972090803144, 0.7519835422021764, 0.01479547848507619, 0.9407678661491617, 0.006298936395436568),(0.8383299532353676, 0.007728156141916897, 0.9541743970315398, 0.0027891087900506362, 0.8054013870176236, 0.010365343900239602, 0.8744465180680514, 0.01818924035244824)
aug.splitpc2.dropout.0.5.epochs.150.layers.128128.lr.0.001.model.gcn.,30,(0.5312189688373913, 0.013053144267913524, 0.9312596006144395, 0.001594716999733468, 0.40951003219420923, 0.0171453144384394, 0.7576134037250385, 0.02000650282459339),(0.7024761832554388, 0.017244175545659185, 0.9210884353741495, 0.004803885339749779, 0.631987205161934, 0.02120534943769909, 0.7909830683227738, 0.015269170480994394)
aug.splitpc2.dropout.0.5.epochs.150.layers.128128.lr.0.001.model.gat.,150,(0.6516681056449616, 0.008129259226277254, 0.9448028673835125, 0.001250031297054136, 0.5425275203710588, 0.00874241440005278, 0.8160336537079786, 0.014458686241670748),(0.7444626598069812, 0.010888231808045377, 0.9308596165739023, 0.0033793632881420448, 0.6830805353210389, 0.014568020380412406, 0.8183328216225464, 0.015931819137830136)
aug.splitpc2.dropout.0.5.epochs.150.layers.128128.lr.0.001.model.sage.,10,(0.8337208764037781, 0.007296522242399652, 0.9714541730670764, 0.0009948468626587395, 0.7522624459853049, 0.01260882616576983, 0.9351720296650164, 0.005941759157627079),(0.8381651316194857, 0.007296980448611301, 0.9542980828695115, 0.0024922005788014594, 0.8024572072501603, 0.009111682832815817, 0.8775616072312419, 0.018299287222789177)
aug.splitpc2.dropout.0.5.epochs.150.layers.128128.lr.0.0001.model.gcn.,130,(0.5261480498721823, 0.012747295164153308, 0.9308499743983616, 0.0016139188440834277, 0.4036024325611944, 0.015927453465501562, 0.7569720182893318, 0.018144126867232876),(0.7053947437840732, 0.01548436289868696, 0.921583178726036, 0.004146704913850377, 0.6370075957000682, 0.020877443307809437, 0.7907278331100164, 0.01590160831085383)
aug.splitpc2.dropout.0.5.epochs.150.layers.128128.lr.0.0001.model.gat.,30,(0.6651352214835937, 0.011083662904916924, 0.9465693804403482, 0.0011804548779722017, 0.5579117454370979, 0.017759582819014325, 0.8242977971314758, 0.014283715149325886),(0.7554158052092446, 0.011301692827319843, 0.9327767470624615, 0.0036356062972663365, 0.7040193405593842, 0.01585977876539398, 0.815385539494858, 0.018062422434519748)
aug.splitpc2.dropout.0.5.epochs.150.layers.128128.lr.0.0001.model.sage.,10,(0.8349116246183664, 0.008683172830407307, 0.9716077828981055, 0.0011023579181572167, 0.7549128999278297, 0.013155694778496098, 0.9340666497715621, 0.0076174429010437),(0.8410856441095751, 0.008279817783587152, 0.9551020408163267, 0.002567784723812818, 0.8057729304583041, 0.009087434653351245, 0.8799168309655142, 0.017345467955819652)
aug.permute.dropout.0.5.epochs.150.layers.3232.lr.0.0005.model.gat.,40,(0.05792810093939316, 0.00330291555852023, 0.9017665130568355, 0.0016082231207925379, 0.031726243560881835, 0.0017634744417617844, 0.3334164873859334, 0.0285163339957279),(0.16197007481587067, 0.023746454855247835, 0.846134817563389, 0.0039142219909577575, 0.10129066000783982, 0.017609955667033304, 0.4173176342178076, 0.06364514564783046)
aug.permute.dropout.0.5.epochs.150.layers.3232.lr.0.001.model.gat.,20,(0.03100115935237626, 0.005823323213229959, 0.900921658986175, 0.0015781909889833457, 0.016650829227322077, 0.0031259360150876396, 0.22476137897190526, 0.04348735882556517),(0.19773413464618933, 0.018346838003443593, 0.8547309833024119, 0.0032571908675977502, 0.12167356300345962, 0.013693467000200481, 0.5375382284401928, 0.059360092611468136)
aug.permute.dropout.0.5.epochs.150.layers.3232.lr.0.0001.model.gat.,42,(0.07477794296932211, 0.003938077122833794, 0.8993087557603687, 0.002331858174446629, 0.042745018021423865, 0.0023186515862737424, 0.2998919577940902, 0.024286186491297056),(0.17906203881805932, 0.010670693540470608, 0.8497217068645639, 0.003092145949288856, 0.11122770930176185, 0.007618386966886154, 0.46304939156545866, 0.03916773135629795)
aug.permute.dropout.0.5.epochs.150.layers.128128.lr.0.0005.model.gat.,10,(0.3231449092813299, 0.00817068548934197, 0.908294930875576, 0.002144433342690406, 0.2300077662762988, 0.007474770483918519, 0.5441670691616929, 0.02207161949787095),(0.5788421626829166, 0.01602819903495312, 0.8932591218305503, 0.001900097896813515, 0.4982777550043772, 0.024537445256374833, 0.6915647272118797, 0.007211211792538884)
aug.permute.dropout.0.5.epochs.150.layers.128128.lr.0.001.model.gat.,10,(0.22463018844001242, 0.013281927001127571, 0.9051715309779824, 0.0020067504293154676, 0.14446113342734684, 0.010648088193950097, 0.5075214353898296, 0.02163911119934572),(0.5102629752974503, 0.01835983922635898, 0.8834879406307978, 0.004478383918424632, 0.41195773816945114, 0.02028242608558158, 0.6710024565316537, 0.0180831956581152)
aug.permute.dropout.0.5.epochs.150.layers.128128.lr.0.0001.model.gat.,10,(0.28481494380286093, 0.011750507210020121, 0.9079621095750128, 0.0022755234043306694, 0.1926250275110959, 0.010087655305674893, 0.5482514869929422, 0.025981320754386316),(0.5057970548279698, 0.018069622098246828, 0.8806431663574521, 0.003896594682009505, 0.4145347704671293, 0.018482804041414187, 0.6489822488504687, 0.017831974566159706)
aug.rotate.dropout.0.5.epochs.10.layers.3232.lr.0.001.model.sage.,10,(0.4023539432440034, 0.016933208451894256, 0.9174603174603175, 0.002930688790835483, 0.2920197633266164, 0.01562154473520205, 0.6482481911837504, 0.026396527815637366),(0.5152637791676413, 0.01457578036753047, 0.8855287569573284, 0.003019556120156773, 0.4130249897957685, 0.018964016986309454, 0.6858785484852088, 0.010724742311238489)
aug.logarithmic.dropout.0.5.epochs.10.layers.3232.lr.0.001.model.sage.,10,(0.3423914222806682, 0.012139425077232249, 0.9134920634920635, 0.0016240400949465903, 0.23677268567110615, 0.0118695110908528, 0.6209461863944187, 0.03084363839473742),(0.5598912776763092, 0.013485512182628211, 0.8932591218305503, 0.0035168997422666557, 0.4608163322484212, 0.019470622505048375, 0.7145550745521725, 0.016931964537567974)
aug.logarithmic.dropout.0.5.epochs.100.layers.3232.lr.0.001.model.gcn.,10,(0.1538401616480572, 0.015135854227726727, 0.9046082949308755, 0.001720079573194122, 0.09118673125373378, 0.009778740548509381, 0.4937525171678514, 0.035336528504878444),(0.2414311812471023, 0.02206529729283481, 0.8592455163883734, 0.0017205229119658337, 0.15214636128862555, 0.015530352521047076, 0.5861175059161647, 0.03563486012441842)
aug.logarithmic.dropout.0.5.epochs.100.layers.3232.lr.0.001.model.gat.,10,(0.17138735575659966, 0.010463912140290724, 0.9045570916538658, 0.0021566246480955007, 0.10378176585855785, 0.007641264140130256, 0.4977716422067462, 0.04296314676918085),(0.40892299457265047, 0.011851731589215458, 0.8754483611626469, 0.0026700102838494587, 0.2924343727061227, 0.01332349284110862, 0.6813050601765914, 0.013179644155246398)
aug.logarithmic.dropout.0.5.epochs.100.layers.3232.lr.0.001.model.sage.,10,(0.3954821099861694, 0.01171038229005567, 0.9173323092677933, 0.000854496634320476, 0.28441685797501715, 0.014880305468476657, 0.6514652461569581, 0.01715936780886946),(0.559141106185632, 0.030019775850693695, 0.8957946815089672, 0.004978258948051505, 0.44982862426332365, 0.03915037022367889, 0.7424003884583352, 0.02027127250047909)
aug.logarithmic.dropout.0.5.epochs.100.layers.3232.lr.0.001.model.gcn.,10,(0.13061907751514362, 0.0072799944468973175, 0.903200204813108, 0.0020662917331265764, 0.0764008981658065, 0.004456980773383119, 0.4507936507936508, 0.02571232600802106),(0.271658510414256, 0.01349409705558198, 0.8588744588744589, 0.0007472508332464306, 0.17861550243438104, 0.009938374541651755, 0.5679268459652633, 0.02601456115179682)
aug.logarithmic.dropout.0.5.epochs.100.layers.3232.lr.0.001.model.gat.,10,(0.12560746028253997, 0.01264878010192146, 0.9030721966205837, 0.001899358626829625, 0.07315824473201993, 0.007502827754120675, 0.4446330535280222, 0.04381430477316127),(0.49994414371467244, 0.059227627290461014, 0.8870129870129869, 0.008238349620681196, 0.387450888249709, 0.06275388757592952, 0.7139979707561736, 0.020941218810487487)
aug.logarithmic.dropout.0.5.epochs.100.layers.3232.lr.0.001.model.sage.,10,(0.32742705096332037, 0.014362777081238249, 0.9119047619047619, 0.0020678771639845244, 0.22545835506678108, 0.013205249603605699, 0.5999826042878352, 0.02552936572859128),(0.5537578512288628, 0.015175960163780122, 0.8926406926406927, 0.004237029841177634, 0.45186894524709986, 0.015288787430822407, 0.7152799567038091, 0.017307516319114934)
aug.logarithmic.dropout.0.5.epochs.100.layers.6464.lr.0.001.model.gcn.,10,(0.2179355310897785, 0.013302375296915138, 0.9074244751664107, 0.002066291733126557, 0.13562886637401458, 0.00999138059669401, 0.5565960374199861, 0.015144044920998698),(0.38033947557101494, 0.020370164827516187, 0.8719851576994435, 0.002847461826399852, 0.2668150638846365, 0.01807042422357848, 0.6638848757561967, 0.023469036026943352)
aug.logarithmic.dropout.0.5.epochs.100.layers.6464.lr.0.001.model.gat.,10,(0.2556331603272271, 0.027206617049294876, 0.907347670250896, 0.0032093060546507382, 0.16747594194274473, 0.02058460955607025, 0.5430496544718716, 0.03887099164197126),(0.5923932201793818, 0.014785525449936512, 0.9004329004329005, 0.00290727502128463, 0.49132887051108726, 0.023303673205340953, 0.7476134410045626, 0.016895418066968867)
aug.logarithmic.dropout.0.5.epochs.100.layers.6464.lr.0.001.model.sage.,10,(0.5324077746999013, 0.008041912553393782, 0.9279057859703022, 0.0012682504942653384, 0.43150414285827454, 0.01674065536230042, 0.696643993188979, 0.01936473968219257),(0.6167798710439469, 0.012713829916994504, 0.90439084724799, 0.0023418795582883863, 0.52217427010896, 0.015460613786896652, 0.7535212946932964, 0.009185435328131918)
aug.logarithmic.dropout.0.5.epochs.100.layers.128128.lr.0.001.model.gcn.,10,(0.28135323379651656, 0.015977461468785866, 0.9092677931387609, 0.0018680426366568898, 0.18675932693456654, 0.012704443296288483, 0.5712590930070827, 0.014676918801894619),(0.44678190260267614, 0.01975235217002004, 0.880333951762523, 0.0030983240692332146, 0.3280026712857813, 0.01688668707559812, 0.7013264759262455, 0.028962611424617816)
aug.logarithmic.dropout.0.5.epochs.100.layers.128128.lr.0.001.model.gat.,10,(0.29819893257399216, 0.03395547933325426, 0.9095494111623144, 0.003692853322479364, 0.20239255903258488, 0.02659910685197433, 0.569224941064846, 0.04426042542334211),(0.6157585619372998, 0.012202962628505737, 0.9047619047619048, 0.002840738176340375, 0.5180756802513001, 0.022539214303378352, 0.7607454782367593, 0.021212659841435097)
aug.logarithmic.dropout.0.5.epochs.100.layers.128128.lr.0.001.model.sage.,10,(0.5687629371345897, 0.010545025226364064, 0.9327956989247312, 0.0013129422841739137, 0.4659185776907667, 0.016960323497026225, 0.7310689655850842, 0.01611235595704237),(0.6465783340305075, 0.006274666133129891, 0.9112554112554113, 0.0017048916205429977, 0.5507421250512026, 0.010931895577363333, 0.7831068790206134, 0.00700212552308696)
aug.rotate.dropout.0.5.epochs.100.layers.6464.lr.0.001.model.gcn.,10,(0.1958333049592588, 0.01010046851618959, 0.9064516129032258, 0.0015644256136663677, 0.11974937697583492, 0.007509265023425061, 0.5391046003991562, 0.013626940339227817),(0.36767060317252814, 0.02702207269195753, 0.869882498453927, 0.003462098949234024, 0.25709052769731816, 0.023000657202664542, 0.647218601427727, 0.02885741268301546)
aug.rotate.dropout.0.5.epochs.100.layers.6464.lr.0.001.model.gat.,10,(0.2652355533849225, 0.007899819978644269, 0.9097798259088583, 0.0016460878039609194, 0.17110074037477932, 0.005903232356681494, 0.5906353538636168, 0.022808935932296263),(0.586226420770983, 0.012683269449963138, 0.8996907854050711, 0.001755729074406756, 0.4823168629488096, 0.015663509259457784, 0.7476230815634579, 0.008596484858700208)
aug.rotate.dropout.0.5.epochs.100.layers.6464.lr.0.001.model.sage.,10,(0.48299316418333227, 0.005957662909754509, 0.923604710701485, 0.0013484069720699813, 0.3750566208444835, 0.0117944350797919, 0.6795162570007653, 0.017045333819459375),(0.5978273519755856, 0.00666537887753658, 0.900247371675943, 0.001809367821685572, 0.5029780098783077, 0.009262854573054043, 0.7370478172535854, 0.010597798668000227)
aug.rotate.dropout.0.5.epochs.100.layers.128128.lr.0.001.model.gcn.,10,(0.24925359275347528, 0.012549660555809554, 0.9081413210445468, 0.0013268467506246388, 0.16035296352316733, 0.010169180163944752, 0.5612934529260355, 0.00934087079776485),(0.39420522225685956, 0.02069933030082848, 0.8716759431045146, 0.0026527656882532166, 0.2836145548939073, 0.019503880854333903, 0.6481789207111197, 0.02208965084462029)
aug.rotate.dropout.0.5.epochs.100.layers.128128.lr.0.001.model.gat.,10,(0.30189576187966033, 0.018063266453431797, 0.911879160266257, 0.002678523635361104, 0.2003051803880474, 0.013987493612784539, 0.6136746227272984, 0.021797383167308473),(0.5798385027536723, 0.0463039415238996, 0.8978354978354979, 0.008346732377886468, 0.4810497011760863, 0.05381715437551778, 0.7330461902488253, 0.02085780904759262)
aug.rotate.dropout.0.5.epochs.100.layers.128128.lr.0.001.model.sage.,10,(0.5379030226362904, 0.01400692571860864, 0.9286738351254481, 0.0018379765587094633, 0.4366170263216128, 0.021814164056404597, 0.7024622661065363, 0.02018496753887623),(0.6346540636463606, 0.006166022419073106, 0.9086580086580087, 0.001766587118996364, 0.5382832528186607, 0.012666755894955986, 0.77385535275904, 0.016348947249488887)
